===============================================================================
 [ 종합 RMSE 비교 요약: 거리별 (m) ]
===============================================================================
Dist(m)    | Prop             | MUSIC            | LSTM             | MLP              | KF               | 1D-CNN
-------------------------------------------------------------------------------------------------------------------------------------------------
       0 | 2.1401           | 0.9420           | 14.7471          | 27.5364          | 27.7974          | 32.8418
      10 | 1.0779           | 0.9471           | 15.0490          | 26.6955          | 26.9472          | 32.5715
      20 | 0.9003           | 0.9670           | 14.1237          | 25.7717          | 26.0050          | 31.6456
      30 | 0.8203           | 0.9982           | 13.0629          | 24.9848          | 25.1908          | 30.4558
      40 | 0.7701           | 1.0451           | 11.9150          | 23.9633          | 24.1369          | 29.0212
      50 | 0.7313           | 1.1035           | 10.8011          | 22.7048          | 22.8518          | 27.6459
      60 | 0.6985           | 1.1709           | 9.7351           | 21.7000          | 21.8245          | 26.1099
      70 | 0.6787           | 1.2460           | 8.6953           | 20.6004          | 20.7054          | 24.7386
      80 | 0.6670           | 1.3211           | 7.8160           | 19.6536          | 19.7435          | 23.5360
      90 | 0.6552           | 1.4145           | 6.9120           | 18.7550          | 18.8332          | 22.1393
     100 | 0.6505           | 1.5107           | 6.1414           | 17.9406          | 18.0075          | 21.1297
     110 | 0.6535           | 1.6090           | 5.4546           | 17.2823          | 17.3402          | 20.1482
     120 | 0.6555           | 1.7107           | 4.8185           | 16.6600          | 16.7134          | 19.1849
     130 | 0.6645           | 1.8261           | 4.2778           | 16.0283          | 16.0771          | 18.4674
     140 | 0.6747           | 1.9252           | 3.8659           | 15.6312          | 15.6773          | 17.8828
     150 | 0.6867           | 2.0327           | 3.5464           | 15.2706          | 15.3143          | 17.2649
     160 | 0.7018           | 2.1516           | 3.2476           | 14.9572          | 15.0001          | 16.9393
     170 | 0.7190           | 2.2674           | 3.0477           | 14.6230          | 14.6646          | 16.5047
     180 | 0.7359           | 2.3846           | 2.8873           | 14.3536          | 14.3952          | 16.2063
     190 | 0.7529           | 2.4859           | 2.8171           | 14.2266          | 14.2690          | 16.1074
     200 | 0.7775           | 2.6037           | 2.7483           | 13.9245          | 13.9683          | 15.8279
     210 | 0.7967           | 2.7238           | 2.7002           | 13.7409          | 13.7852          | 15.5774
     220 | 0.8184           | 2.8428           | 2.6868           | 13.5826          | 13.6271          | 15.5024
     230 | 0.8446           | 2.9682           | 2.6674           | 13.3289          | 13.3744          | 15.3748
     240 | 0.8691           | 3.0841           | 2.6896           | 13.1692          | 13.2161          | 15.2870
     250 | 0.8916           | 3.1952           | 2.6897           | 12.9560          | 13.0029          | 15.0654
     260 | 0.9182           | 3.3227           | 2.6904           | 12.7303          | 12.7767          | 15.0162
     270 | 0.9414           | 3.4380           | 2.7041           | 12.6556          | 12.7047          | 14.9351
     280 | 0.9712           | 3.5632           | 2.7002           | 12.3166          | 12.3655          | 14.5847
     290 | 0.9957           | 3.6807           | 2.7249           | 12.1824          | 12.2322          | 14.7419
     300 | 1.0217           | 3.7964           | 2.7443           | 12.0517          | 12.1030          | 14.7923
     310 | 1.0478           | 3.9148           | 2.7788           | 12.0047          | 12.0575          | 14.7712
     320 | 1.0736           | 4.0364           | 2.7808           | 11.8294          | 11.8797          | 14.5985
     330 | 1.1021           | 4.1464           | 2.8080           | 11.7774          | 11.8307          | 14.7455
     340 | 1.1320           | 4.2788           | 2.8457           | 11.7296          | 11.7835          | 14.7879
     350 | 1.1639           | 4.4007           | 2.8930           | 11.6486          | 11.7047          | 14.9149
     360 | 1.1896           | 4.5190           | 2.9373           | 11.7646          | 11.8209          | 15.1765
     370 | 1.2331           | 4.6523           | 3.0596           | 11.9538          | 12.0122          | 15.5982
     380 | 1.2620           | 4.7577           | 3.0937           | 12.0008          | 12.0575          | 15.7836
     390 | 1.2997           | 4.8795           | 3.2395           | 12.4540          | 12.5124          | 16.5499
     400 | 1.3468           | 4.9988           | 3.3374           | 12.7396          | 12.7997          | 17.0268
     410 | 1.4019           | 5.1312           | 3.5314           | 13.3106          | 13.3726          | 17.9706
     420 | 1.4469           | 5.2541           | 3.6154           | 13.6824          | 13.7457          | 18.6222
     430 | 1.5143           | 5.3623           | 3.8893           | 14.5899          | 14.6571          | 19.8785
     440 | 1.5935           | 5.4990           | 4.1087           | 15.3584          | 15.4274          | 21.0543
     450 | 1.7145           | 5.6204           | 4.4035           | 16.4446          | 16.5150          | 22.6011
     460 | 1.7770           | 5.7293           | 4.5198           | 17.1026          | 17.1760          | 23.6112
     470 | 1.9342           | 5.8585           | 4.9763           | 18.6795          | 18.7569          | 25.6228
     480 | 2.0977           | 5.9806           | 5.3450           | 20.0612          | 20.1380          | 27.8253
     490 | 2.2720           | 6.1084           | 5.6949           | 21.5507          | 21.6321          | 29.8440
     500 | 2.4434           | 6.2138           | 6.0367           | 22.8719          | 22.9560          | 31.6406
     510 | 2.7463           | 6.3460           | 6.5429           | 24.7861          | 24.8739          | 34.2934
     520 | 3.0491           | 6.4689           | 7.0590           | 26.8326          | 26.9240          | 36.9047
     530 | 3.5160           | 6.5949           | 7.6965           | 29.0394          | 29.1347          | 40.0432
     540 | 3.8864           | 6.7076           | 8.3094           | 31.1805          | 31.2821          | 42.8363
     550 | 4.3960           | 6.8283           | 9.0364           | 33.6054          | 33.7091          | 45.8410
     560 | 4.8931           | 6.9497           | 9.6185           | 35.6077          | 35.7143          | 48.5533
     570 | 5.7552           | 7.0830           | 10.5914          | 38.7940          | 38.9078          | 52.4245
     580 | 6.6209           | 7.2003           | 11.5518          | 41.7906          | 41.9134          | 56.1566
     590 | 7.8114           | 7.3314           | 12.5505          | 45.3316          | 45.4586          | 60.5563
     600 | 8.7971           | 7.4533           | 13.5402          | 47.6044          | 47.7334          | 63.4988


===============================================================================
 [ 종합 RMSE 비교 요약: TDOA 평균 바이어스별 (us) ]
===============================================================================
Bias(us)   | Prop             | MUSIC            | LSTM             | MLP              | KF               | 1D-CNN
-------------------------------------------------------------------------------------------------------------------------------------------------
       0 | 1.3494           | 5.0026           | 3.3843           | 12.7567          | 12.8194          | 17.0552
       1 | 1.3427           | 5.0070           | 3.3467           | 12.6837          | 12.7449          | 16.9886
       2 | 1.3451           | 5.0053           | 3.3603           | 12.8322          | 12.8924          | 17.2130
       3 | 1.3477           | 5.0040           | 3.3717           | 12.8384          | 12.9022          | 17.1824
       4 | 1.3456           | 5.0012           | 3.3242           | 12.6185          | 12.6798          | 16.7695
       5 | 1.3465           | 5.0056           | 3.3725           | 12.7728          | 12.8341          | 17.0609
       6 | 1.3484           | 5.0053           | 3.3441           | 12.7647          | 12.8255          | 17.0645
       7 | 1.3537           | 5.0173           | 3.3699           | 12.8235          | 12.8861          | 17.2398
       8 | 1.3475           | 5.0026           | 3.3820           | 12.9365          | 12.9993          | 17.1625
       9 | 1.3529           | 5.0029           | 3.3560           | 12.8767          | 12.9381          | 17.1228
      10 | 1.3490           | 5.0142           | 3.3209           | 12.7753          | 12.8366          | 16.9486
      11 | 1.3482           | 5.0089           | 3.3787           | 12.9607          | 13.0235          | 17.1924
      12 | 1.3467           | 5.0031           | 3.3742           | 13.0178          | 13.0797          | 17.1429
      13 | 1.3464           | 5.0025           | 3.3383           | 12.9596          | 13.0207          | 16.8544
      14 | 1.3517           | 5.0065           | 3.3499           | 13.0150          | 13.0753          | 16.9218
      15 | 1.3444           | 5.0001           | 3.3075           | 12.8818          | 12.9424          | 16.8494
      16 | 1.3453           | 5.0008           | 3.3421           | 13.1544          | 13.2153          | 17.1467
      17 | 1.3548           | 5.0065           | 3.3468           | 13.0813          | 13.1417          | 16.9857
      18 | 1.3482           | 5.0050           | 3.3759           | 13.2179          | 13.2800          | 17.1368
      19 | 1.3465           | 5.0040           | 3.3689           | 13.2918          | 13.3539          | 17.1505
      20 | 1.3487           | 5.0041           | 3.3512           | 13.2615          | 13.3240          | 17.0561
      21 | 1.3482           | 5.0068           | 3.3568           | 13.4096          | 13.4711          | 17.2052
      22 | 1.3423           | 4.9982           | 3.3295           | 13.2427          | 13.3031          | 16.9335
      23 | 1.3436           | 5.0033           | 3.3394           | 13.4407          | 13.5025          | 17.0044
      24 | 1.3519           | 5.0046           | 3.3665           | 13.6017          | 13.6628          | 17.1767
      25 | 1.3523           | 5.0027           | 3.3463           | 13.5967          | 13.6581          | 17.2392
      26 | 1.3489           | 5.0019           | 3.3543           | 13.7381          | 13.7989          | 17.2965
      27 | 1.3463           | 5.0104           | 3.3473           | 13.7188          | 13.7770          | 17.2010
      28 | 1.3489           | 5.0020           | 3.3794           | 13.8156          | 13.8767          | 17.2868
      29 | 1.3494           | 5.0000           | 3.3740           | 13.9095          | 13.9723          | 17.2882
      30 | 1.3545           | 5.0089           | 3.3651           | 13.9712          | 14.0328          | 17.2422
      31 | 1.3547           | 5.0063           | 3.4091           | 14.0513          | 14.1141          | 17.3966
      32 | 1.3552           | 5.0089           | 3.3763           | 14.1072          | 14.1696          | 17.1579
      33 | 1.3523           | 5.0169           | 3.3378           | 14.1618          | 14.2219          | 17.2048
      34 | 1.3491           | 5.0073           | 3.3374           | 14.0263          | 14.0851          | 17.0209
      35 | 1.3511           | 5.0041           | 3.3418           | 14.2137          | 14.2728          | 17.1946
      36 | 1.3533           | 5.0010           | 3.3378           | 14.2957          | 14.3581          | 17.0709
      37 | 1.3487           | 5.0078           | 3.3525           | 14.4757          | 14.5370          | 17.2287
      38 | 1.3502           | 5.0014           | 3.3375           | 14.4220          | 14.4824          | 17.1110
      39 | 1.3497           | 5.0044           | 3.3737           | 14.5616          | 14.6247          | 17.1639
      40 | 1.3489           | 5.0022           | 3.3527           | 14.7210          | 14.7831          | 17.1568
      41 | 1.3518           | 5.0063           | 3.3719           | 14.8301          | 14.8964          | 17.3187
      42 | 1.3464           | 5.0010           | 3.3421           | 14.7701          | 14.8289          | 17.0295
      43 | 1.3539           | 5.0046           | 3.3719           | 14.9866          | 15.0496          | 17.2717
      44 | 1.3446           | 5.0039           | 3.3496           | 14.9434          | 15.0035          | 17.1680
      45 | 1.3441           | 5.0001           | 3.3521           | 15.0655          | 15.1273          | 17.1410
      46 | 1.3578           | 5.0160           | 3.3679           | 15.2743          | 15.3362          | 17.2250
      47 | 1.3482           | 5.0074           | 3.3644           | 15.3905          | 15.4520          | 17.2701
      48 | 1.3474           | 5.0031           | 3.3842           | 15.5213          | 15.5828          | 17.5315
      49 | 1.3453           | 5.0050           | 3.3746           | 15.4737          | 15.5368          | 17.3042
      50 | 1.3573           | 5.0161           | 3.3801           | 15.6221          | 15.6868          | 17.3806
      51 | 1.3531           | 5.0103           | 3.3507           | 15.7580          | 15.8189          | 17.3330
      52 | 1.3556           | 5.0079           | 3.3618           | 15.7805          | 15.8428          | 17.3920
      53 | 1.3563           | 5.0161           | 3.3708           | 15.9204          | 15.9803          | 17.3877
      54 | 1.3533           | 5.0085           | 3.3730           | 16.0350          | 16.0968          | 17.5178
      55 | 1.3504           | 4.9958           | 3.4077           | 16.1420          | 16.2054          | 17.4870
      56 | 1.3525           | 5.0061           | 3.3449           | 16.0851          | 16.1478          | 17.2530
      57 | 1.3551           | 4.9976           | 3.3856           | 16.3920          | 16.4556          | 17.5219
      58 | 1.3536           | 5.0075           | 3.3425           | 16.3354          | 16.3991          | 17.4202
      59 | 1.3591           | 5.0150           | 3.3699           | 16.5087          | 16.5685          | 17.4577
      60 | 1.3489           | 5.0031           | 3.3620           | 16.5931          | 16.6540          | 17.5372
      61 | 1.3586           | 5.0145           | 3.3647           | 16.7751          | 16.8385          | 17.6358
      62 | 1.3499           | 5.0013           | 3.3648           | 16.7619          | 16.8230          | 17.4677
      63 | 1.3518           | 5.0116           | 3.3451           | 16.8496          | 16.9129          | 17.3958
      64 | 1.3600           | 5.0125           | 3.3706           | 17.0750          | 17.1364          | 17.6711
      65 | 1.3559           | 5.0087           | 3.3945           | 17.0591          | 17.1213          | 17.4136
      66 | 1.3572           | 5.0054           | 3.3758           | 17.1798          | 17.2417          | 17.5034
      67 | 1.3509           | 5.0018           | 3.3821           | 17.2372          | 17.3021          | 17.4658
      68 | 1.3623           | 5.0101           | 3.3833           | 17.5477          | 17.6127          | 17.6414
      69 | 1.3575           | 5.0150           | 3.3969           | 17.6501          | 17.7158          | 17.6213
      70 | 1.3506           | 5.0146           | 3.3433           | 17.5619          | 17.6249          | 17.5025
      71 | 1.3572           | 5.0090           | 3.3772           | 17.8271          | 17.8922          | 17.5781
      72 | 1.3543           | 5.0014           | 3.3878           | 17.8824          | 17.9460          | 17.5897
      73 | 1.3604           | 5.0101           | 3.3782           | 17.9460          | 18.0107          | 17.6964
      74 | 1.3514           | 5.0029           | 3.3737           | 18.1301          | 18.1933          | 17.7397
      75 | 1.3545           | 5.0027           | 3.3574           | 18.2103          | 18.2739          | 17.5209
      76 | 1.3573           | 5.0084           | 3.3850           | 18.1991          | 18.2641          | 17.5893
      77 | 1.3549           | 5.0095           | 3.3861           | 18.3484          | 18.4125          | 17.7032
      78 | 1.3553           | 5.0034           | 3.3881           | 18.7389          | 18.8051          | 17.8548
      79 | 1.3561           | 4.9968           | 3.3909           | 18.6492          | 18.7131          | 17.6698
      80 | 1.3593           | 5.0119           | 3.3950           | 18.8334          | 18.8967          | 17.8429
      81 | 1.3512           | 5.0015           | 3.3571           | 18.8659          | 18.9292          | 17.6619
      82 | 1.3578           | 5.0052           | 3.3502           | 19.0828          | 19.1490          | 17.5816
      83 | 1.3555           | 5.0048           | 3.3970           | 19.1501          | 19.2160          | 17.7654
      84 | 1.3576           | 5.0089           | 3.3944           | 19.3806          | 19.4462          | 17.8633
      85 | 1.3557           | 5.0019           | 3.3538           | 19.2645          | 19.3310          | 17.7182
      86 | 1.3626           | 5.0177           | 3.3853           | 19.6418          | 19.7066          | 17.8873
      87 | 1.3633           | 5.0109           | 3.4245           | 19.8115          | 19.8793          | 18.0816
      88 | 1.3623           | 5.0123           | 3.3882           | 19.8383          | 19.9050          | 18.0520
      89 | 1.3559           | 5.0044           | 3.3876           | 19.7586          | 19.8256          | 17.9790
      90 | 1.3612           | 5.0047           | 3.3995           | 20.0559          | 20.1230          | 17.9252
      91 | 1.3621           | 5.0107           | 3.3793           | 20.0876          | 20.1532          | 17.8979
      92 | 1.3563           | 5.0013           | 3.3676           | 20.1741          | 20.2407          | 17.9455
      93 | 1.3576           | 5.0162           | 3.3849           | 20.3273          | 20.3931          | 17.8194
      94 | 1.3587           | 5.0119           | 3.3763           | 20.4194          | 20.4889          | 18.0508
      95 | 1.3631           | 4.9978           | 3.4228           | 20.8118          | 20.8792          | 18.3264
      96 | 1.3551           | 4.9998           | 3.3614           | 20.5331          | 20.6011          | 17.9067
      97 | 1.3659           | 5.0166           | 3.4164           | 20.8575          | 20.9244          | 18.2505
      98 | 1.3638           | 5.0098           | 3.3768           | 21.1070          | 21.1737          | 18.1662
      99 | 1.3584           | 5.0003           | 3.4090           | 20.8733          | 20.9417          | 17.9287
     100 | 1.3582           | 5.0049           | 3.3871           | 21.1301          | 21.1988          | 18.0711


===============================================================================
 [ 종합 RMSE 비교 요약: DOA 검증별 (deg) ]
===============================================================================
DOA(deg)   | Prop             | LSTM             | MLP              | KF               | 1D-CNN
-------------------------------------------------------------------------------------------------------------------------------------------------
     0.0 | 0.3782           | 3.2866           | 12.7593          | 12.8181          | 17.0028
     0.1 | 0.4725           | 3.2810           | 12.7747          | 12.8362          | 17.0049
     0.2 | 0.6704           | 3.2778           | 12.7757          | 12.8357          | 17.1607
     0.3 | 0.8895           | 3.3265           | 12.7586          | 12.8193          | 17.0276
     0.4 | 1.1171           | 3.3686           | 12.8858          | 12.9475          | 17.2667
     0.5 | 1.3454           | 3.3663           | 12.8159          | 12.8770          | 17.1994
     0.6 | 1.5847           | 3.3960           | 12.8415          | 12.9019          | 17.1039
     0.7 | 1.8275           | 3.4310           | 12.8110          | 12.8735          | 17.0750
     0.8 | 2.0634           | 3.4965           | 12.7824          | 12.8451          | 17.0343
     0.9 | 2.3192           | 3.5185           | 12.7104          | 12.7734          | 17.1220
     1.0 | 2.5526           | 3.5691           | 12.7107          | 12.7738          | 17.0915
     1.1 | 2.7877           | 3.6753           | 12.9096          | 12.9718          | 17.1396
     1.2 | 3.0513           | 3.7084           | 12.8184          | 12.8811          | 17.2510